Television_01_2k.obj;-0.263807,1.72206,0.784563,1.0;90.0,0.0,0.0;1.0,1.0,1.0;
GothicCommode_01_1k.obj;-0.228476,1.67252,0.009239,1.0;90.0,0.0,0.0;1.0,0.636536,1.0;
GothicCommode_01_1k.obj;0.978081,1.67252,0.009239,1.0;90.0,0.0,0.0;1.0,0.636536,1.0;
boombox_1k.obj;0.945017,1.81384,0.772983,1.0;90.0,0.0,0.0;1.0,1.0,1.0;
Rockingchair_01_1k.obj;1.45859,-1.37647;-0.083572;90.0,0.0,205.0;1.0,1.0,1.0;
sofa_03_1k~20260613-173223.obj;-0.607251,-1.47795,0.026506,1.0;90.0,0.0,180.0;1.0,1.0,1.0;
wooden_table_02_1k~20260613-173223.obj;-0.238687,-0.163976,0,1.0;90.0,0.0,0.0;1.0,0.588414,1.0;
WoodenTable_02_1k~20260613-173223.obj;2.0651;1.60485;0.0,1.0;90.0,0.0,0.0;1.50086,1.0,1.50086;
potted_plant_01_1k~20260613-173223.obj;2.0684,1.6031,0.415637,1.0;90.0,0.0,0.0;0.588106,0.588106,0.588106;
chess_set_1k~20260613-173223.obj;-0.407307,-0.159085,0.468086,1.0;90.0,0.0,90.0;1.0,1.0,1.0;
vintage_cabinet_01_1k~20260613-173223.obj;-1.89397,1.69078,0.0,1.0;90.0,0.0,0.0;1.0,1.0,1.0;
vintage_cabinet_01_1k~20260613-173223.obj;-3.88049,1.69078,0.0,1.0;90.0,0.0,0.0;1.0,1.0,1.0;
